src/examples/baja-bathymetry.asc
NCOLS 3
NROWS 82970
XLLCENTER 726700
YLLCENTER 4820125
CELLSIZE 25
[rows 27720 to 28335 of 82970, columns 0 to 2 of 3]
249.98557 24.4791 -812.0
249.97372 24.47355 -752.0
249.96186 24.468 -825.0
249.95 24.46245 -769.0
249.93815 24.4569 -719.0
249.92629 24.45135 -698.0
249.91444 24.4458 -663.0
249.90258 24.44025 -706.0
249.89072 24.4347 -734.0
249.87887 24.42915 -765.0
249.86701 24.4236 -769.0
249.85516 24.41805 -778.0
249.8433 24.4125 -780.0
249.8291 24.4056 -776.0
249.8149 24.3987 -769.0
249.80247 24.39277 -763.0
249.79004 24.38684 -619.0
249.77761 24.38091 -203.0
249.76518 24.37498 -69.0
249.75275 24.36904 -24.0
249.74032 24.36311 -15.0
249.72788 24.35718 -13.0
249.71545 24.35125 -28.0
249.70302 24.34532 -43.0
249.69059 24.33939 -51.0
249.67816 24.33346 -60.0
249.6707 24.3299 -69.0
249.67051 24.3299 -47.0
249.67029 24.3299 -38.0
249.6701 24.3299 -30.0
249.65611 24.33529 -60.0
249.66522 24.33848 -53.0
249.67433 24.34167 -47.0
249.68344 24.34487 -41.0
249.69254 24.34806 -32.0
249.70165 24.35125 -15.0
249.71076 24.35444 -9.0
249.71987 24.35763 -11.0
249.72898 24.36082 -15.0
249.73809 24.36402 -32.0
249.74719 24.36721 -56.0
249.7563 24.3704 -109.0
249.76142 24.37194 -257.0
249.7819 24.3781 -742.0
249.793 24.38095 -759.0
249.8041 24.3838 -780.0
249.81315 24.37955 -782.0
249.8222 24.3753 -767.0
249.83034 24.36892 -747.0
249.83848 24.36254 -752.0
249.84663 24.35616 -645.0
249.85477 24.34979 -626.0
249.86292 24.34341 -674.0
249.87106 24.33703 -693.0
249.8792 24.33065 -674.0
249.88735 24.32427 -645.0
249.89549 24.3179 -639.0
249.90364 24.31152 -585.0
249.91178 24.30514 -594.0
249.91992 24.29876 -564.0
249.92807 24.29238 -481.0
249.93621 24.286 -466.0
249.94436 24.27963 -466.0
249.9525 24.27325 -445.0
249.96064 24.26687 -422.0
249.96879 24.26049 -441.0
249.97693 24.25411 -459.0
249.98507 24.24774 -466.0
250.00136 24.23498 -430.0
250.00951 24.2286 -430.0
250.01765 24.22222 -437.0
250.02579 24.21585 -430.0
250.03394 24.20947 -377.0
250.04208 24.20309 -325.0
250.05023 24.19671 -306.0
250.05837 24.19033 -295.0
250.06651 24.18395 -283.0
250.07466 24.17758 -265.0
250.0828 24.1712 -250.0
250.0881 24.1646 -238.0
250.0934 24.158 -231.0
250.0934 24.1471 -223.0
250.0934 24.1362 -212.0
250.09615 24.12725 -216.0
250.0989 24.1183 -172.0
250.10813 24.11369 -164.0
250.11737 24.10909 -180.0
250.1266 24.10449 -178.0
250.13583 24.09988 -242.0
250.14507 24.09528 -377.0
250.1543 24.09067 -485.0
250.16353 24.08607 -358.0
250.17277 24.08147 -83.0
250.182 24.07686 -151.0
250.19123 24.07226 -366.0
250.20047 24.06765 -340.0
250.2097 24.06305 -452.0
250.21894 24.05844 -600.0
250.22817 24.05384 -452.0
250.2374 24.04924 -485.0
250.24664 24.04463 -519.0
250.25587 24.04003 -563.0
250.2651 24.03542 -667.0
250.27434 24.03082 -674.0
250.28357 24.02622 -752.0
250.2928 24.02161 -812.0
250.30204 24.01701 -878.0
250.31127 24.0124 -952.0
250.3205 24.0078 -1046.0
250.32745 24.00105 -1213.0
250.3344 23.9943 -1009.0
250.33997 23.98497 -1098.0
250.34554 23.97565 -946.0
250.3511 23.96632 -949.0
250.35667 23.957 -971.0
250.36224 23.94768 -990.0
250.36781 23.93835 -1053.0
250.37338 23.92902 -1037.0
250.37895 23.9197 -1217.0
250.38452 23.91037 -1249.0
250.39009 23.90105 -1016.0
250.39566 23.89172 -912.0
250.40123 23.8824 -823.0
250.4068 23.87308 -916.0
250.41237 23.86375 -979.0
250.41794 23.85442 -1247.0
250.42351 23.8451 -1393.0
250.42908 23.83577 -1617.0
250.43465 23.82645 -1604.0
250.44022 23.81712 -1287.0
250.44579 23.8078 -1166.0
250.45135 23.79847 -1158.0
250.45692 23.78915 -1157.0
250.46249 23.77982 -1194.0
250.46806 23.7705 -1249.0
250.47363 23.76117 -1131.0
250.4792 23.75185 -1365.0
250.48477 23.74252 -1359.0
250.49034 23.7332 -1194.0
250.49591 23.72387 -946.0
250.50148 23.71455 -767.0
250.50705 23.70522 -786.0
250.51262 23.6959 -630.0
250.51819 23.68657 -459.0
250.52376 23.67725 -430.0
250.52933 23.66792 -481.0
250.5349 23.6586 -470.0
250.54049 23.64935 -494.0
250.54609 23.64011 -619.0
250.55168 23.63087 -678.0
250.55727 23.62162 -674.0
250.56287 23.61238 -905.0
250.56846 23.60313 -964.0
250.57406 23.59389 -1139.0
250.57965 23.58464 -1232.0
250.58525 23.5754 -1027.0
250.59084 23.56615 -1012.0
250.59644 23.55691 -971.0
250.60203 23.54767 -1009.0
250.60762 23.53842 -946.0
250.61322 23.52918 -921.0
250.61881 23.51993 -842.0
250.62441 23.51069 -1012.0
250.63 23.50144 -936.0
250.6356 23.4922 -979.0
250.64119 23.48296 -1126.0
250.64679 23.47371 -1257.0
250.65238 23.46447 -1324.0
250.65797 23.45522 -1368.0
250.66357 23.44598 -1419.0
250.66916 23.43673 -1164.0
250.67476 23.42749 -1332.0
250.69154 23.39975 -1172.0
250.69714 23.39051 -1709.0
250.70273 23.38127 -1838.0
250.70833 23.37202 -1442.0
250.71392 23.36278 -1268.0
250.71952 23.35353 -1752.0
250.72511 23.34429 -1909.0
250.7307 23.33504 -1920.0
250.7363 23.3258 -1994.0
250.74196 23.31655 -2051.0
250.74763 23.3073 -2137.0
250.7533 23.29805 -2185.0
250.75897 23.2888 -2211.0
250.76463 23.27955 -2246.0
250.7703 23.2703 -2211.0
250.77425 23.2618 -2173.0
250.7782 23.2533 -2162.0
250.76886 23.24735 -2118.0
250.75951 23.24139 -2099.0
250.75017 23.23544 -2075.0
250.73148 23.22353 -2147.0
250.71279 23.21163 -1920.0
250.6941 23.19972 -1659.0
250.68476 23.19377 -1510.0
250.67541 23.18782 -1336.0
250.66607 23.18187 -1187.0
250.65672 23.17591 -1079.0
250.64738 23.16996 -960.0
250.63803 23.16401 -674.0
250.62869 23.15805 -328.0
250.61934 23.1521 -216.0
250.61 23.14615 -118.0
250.60066 23.1402 -86.0
250.59131 23.13424 -77.0
250.58197 23.12829 -79.0
250.57262 23.12234 -75.0
250.56328 23.11638 -64.0
250.55393 23.11043 -83.0
250.54459 23.10448 -90.0
250.53525 23.09853 -86.0
250.5259 23.09257 -98.0
250.50721 23.08067 -99.0
250.49787 23.07472 -109.0
250.48852 23.06876 -140.0
250.47918 23.06281 -201.0
250.46984 23.05686 -203.0
250.46049 23.05091 -306.0
250.45115 23.04495 -347.0
250.4418 23.039 -353.0
250.43247 23.03304 -296.0
250.42315 23.02709 -340.0
250.41382 23.02113 -559.0
250.40449 23.01517 -745.0
250.39516 23.00922 -638.0
250.38583 23.00326 -485.0
250.37651 22.9973 -433.0
250.36718 22.99135 -526.0
250.35785 22.98539 -295.0
250.34852 22.97944 -343.0
250.33919 22.97348 -343.0
250.32986 22.96752 -325.0
250.32054 22.96157 -340.0
250.31121 22.95561 -396.0
250.30188 22.94966 -411.0
250.29255 22.9437 -470.0
250.28322 22.93774 -526.0
250.2739 22.93179 -630.0
250.26457 22.92583 -817.0
250.25524 22.91987 -1046.0
250.24591 22.91392 -952.0
250.23658 22.90796 -742.0
250.22726 22.90201 -563.0
250.21793 22.89605 -713.0
250.2086 22.89009 -537.0
250.19927 22.88414 -693.0
250.18994 22.87818 -623.0
250.18061 22.87223 -905.0
250.17129 22.86627 -693.0
250.16196 22.86031 -971.0
250.15263 22.85436 -697.0
250.1433 22.8484 -786.0
250.1352 22.84565 -682.0
250.1271 22.8429 -786.0
250.11819 22.84324 -878.0
250.10928 22.84358 -916.0
250.10037 22.84392 -908.0
250.09147 22.84427 -882.0
250.08256 22.84461 -600.0
250.07365 22.84495 -396.0
250.06474 22.84529 -481.0
250.05584 22.84563 -340.0
250.04693 22.84597 -182.0
250.03802 22.84632 -182.0
250.02911 22.84666 -190.0
250.0202 22.847 -201.0
250.01175 22.8478 -272.0
250.0033 22.8486 -377.0
249.99668 22.85403 -324.0
249.99005 22.85945 -320.0
249.98343 22.86487 -450.0
249.9768 22.8703 -802.0
249.97018 22.87572 -920.0
249.96355 22.88115 -949.0
249.95693 22.88658 -665.0
249.9503 22.892 -375.0
249.94368 22.89742 -301.0
249.93705 22.90285 -301.0
249.93043 22.90827 -207.0
249.9238 22.9137 -192.0
249.91718 22.91912 -189.0
249.91055 22.92455 -189.0
249.90393 22.92997 -189.0
249.8973 22.9354 -189.0
249.89068 22.94083 -207.0
249.88405 22.94625 -275.0
249.87743 22.95167 -375.0
249.8708 22.9571 -502.0
249.86418 22.96252 -561.0
249.85755 22.96795 -717.0
249.85093 22.97337 -784.0
249.8443 22.9788 -905.0
249.83768 22.98422 -780.0
249.83105 22.98965 -778.0
249.82443 22.99507 -888.0
249.8178 23.0005 -947.0
249.81118 23.00592 -994.0
249.80455 23.01135 -979.0
249.79793 23.01677 -1125.0
249.7913 23.0222 -1095.0
249.78468 23.02762 -1053.0
249.77805 23.03305 -1095.0
249.77143 23.03847 -935.0
249.7648 23.0439 -750.0
249.75818 23.04932 -509.0
249.75156 23.05473 -307.0
249.74493 23.06015 -249.0
249.73831 23.06557 -232.0
249.73169 23.07098 -157.0
249.72507 23.0764 -219.0
249.71845 23.08182 -327.0
249.71182 23.08723 -528.0
249.7052 23.09265 -655.0
249.69858 23.09807 -717.0
249.69196 23.10348 -799.0
249.68533 23.1089 -943.0
249.67871 23.11432 -955.0
249.67209 23.11973 -1002.0
249.66547 23.12515 -1080.0
249.65884 23.13057 -1061.0
249.65222 23.13598 -1100.0
249.6456 23.1414 -1098.0
249.63898 23.14682 -1013.0
249.63235 23.15223 -946.0
249.62573 23.15765 -846.0
249.61911 23.16307 -839.0
249.61249 23.16848 -872.0
249.60587 23.1739 -894.0
249.59924 23.17932 -869.0
249.59262 23.18473 -922.0
249.586 23.19015 -949.0
249.57938 23.19557 -928.0
249.57275 23.20098 -932.0
249.56613 23.2064 -890.0
249.55951 23.21182 -905.0
249.55289 23.21723 -902.0
249.54626 23.22265 -894.0
249.53964 23.22807 -879.0
249.53302 23.23348 -872.0
249.5264 23.2389 -858.0
249.51977 23.24431 -835.0
249.51314 23.24972 -822.0
249.50651 23.25513 -810.0
249.49988 23.26054 -802.0
249.49325 23.26595 -814.0
249.48663 23.27136 -815.0
249.48 23.27677 -814.0
249.47337 23.28218 -761.0
249.46011 23.29301 -665.0
249.45348 23.29842 -628.0
249.44685 23.30383 -587.0
249.44023 23.30924 -553.0
249.4336 23.31465 -464.0
249.42697 23.32006 -390.0
249.42034 23.32547 -331.0
249.41371 23.33088 -297.0
249.40708 23.33629 -249.0
249.40045 23.3417 -205.0
249.39383 23.34711 -124.0
249.3872 23.35252 -128.0
249.38057 23.35793 -129.0
249.37394 23.36334 -170.0
249.36731 23.36876 -196.0
249.36068 23.37417 -226.0
249.35405 23.37958 -239.0
249.34743 23.38499 -249.0
249.3408 23.3904 -249.0
249.33565 23.39425 -271.0
249.3305 23.3981 -286.0
249.32406 23.40289 -309.0
249.31761 23.40768 -309.0
249.31117 23.41247 -307.0
249.30473 23.41725 -307.0
249.29829 23.42204 -307.0
249.29185 23.42683 -305.0
249.28541 23.43162 -299.0
249.27897 23.43641 -297.0
249.27252 23.4412 -295.0
249.26608 23.44599 -292.0
249.25964 23.45078 -294.0
249.2532 23.45557 -292.0
249.24676 23.46035 -294.0
249.24032 23.46514 -282.0
249.23387 23.46993 -273.0
249.22743 23.47472 -264.0
249.22099 23.47951 -213.0
249.21455 23.4843 -204.0
249.20811 23.48909 -192.0
249.20167 23.49388 -187.0
249.19523 23.49867 -175.0
249.18878 23.50345 -177.0
249.18234 23.50824 -192.0
249.1759 23.51303 -202.0
249.16946 23.51782 -211.0
249.16302 23.52261 -230.0
249.15658 23.5274 -245.0
249.15013 23.53219 -256.0
249.14369 23.53698 -275.0
249.13725 23.54177 -297.0
249.13081 23.54655 -312.0
249.12437 23.55134 -335.0
249.11793 23.55613 -346.0
249.11149 23.56092 -350.0
249.10504 23.56571 -356.0
249.0986 23.5705 -360.0
249.09269 23.57489 -360.0
249.08677 23.57928 -364.0
249.08085 23.58367 -360.0
249.07494 23.58807 -360.0
249.06902 23.59246 -356.0
249.0631 23.59685 -356.0
249.05718 23.60124 -353.0
249.05127 23.60563 -353.0
249.04535 23.61002 -353.0
249.03943 23.61442 -350.0
249.03352 23.61881 -350.0
249.0276 23.6232 -346.0
249.02168 23.62759 -342.0
249.01577 23.63198 -339.0
249.00985 23.63637 -339.0
249.00393 23.64077 -331.0
248.99802 23.64516 -294.0
248.9921 23.64955 -294.0
248.98618 23.65394 -301.0
248.98027 23.65833 -301.0
248.97435 23.66272 -312.0
248.96843 23.66712 -312.0
248.96252 23.67151 -316.0
248.9566 23.6759 -320.0
248.95068 23.68029 -339.0
248.94477 23.68468 -356.0
248.93885 23.68907 -364.0
248.93293 23.69347 -364.0
248.92702 23.69786 -360.0
248.9211 23.70225 -360.0
248.91518 23.70664 -364.0
248.90926 23.71103 -368.0
248.90335 23.71542 -371.0
248.89743 23.71982 -375.0
248.89151 23.72421 -386.0
248.8856 23.7286 -398.0
248.88029 23.73236 -413.0
248.87497 23.73612 -431.0
248.86966 23.73989 -457.0
248.86435 23.74365 -483.0
248.85904 23.74741 -515.0
248.85373 23.75117 -547.0
248.84841 23.75494 -591.0
248.8431 23.7587 -606.0
248.8399 23.76422 -613.0
248.8367 23.76973 -624.0
248.8335 23.77525 -626.0
248.8303 23.78077 -621.0
248.8271 23.78628 -615.0
248.8239 23.7918 -606.0
248.8213 23.79735 -600.0
248.8187 23.8029 -587.0
248.81665 23.80845 -574.0
248.8146 23.814 -553.0
248.81185 23.81905 -532.0
248.8091 23.8241 -539.0
248.80361 23.82728 -553.0
248.79812 23.83045 -566.0
248.79264 23.83362 -577.0
248.78715 23.8368 -587.0
248.78166 23.83997 -594.0
248.77617 23.84315 -602.0
248.77069 23.84633 -611.0
248.7652 23.8495 -617.0
248.75971 23.85267 -617.0
248.75422 23.85585 -617.0
248.74874 23.85902 -613.0
248.74325 23.8622 -613.0
248.73776 23.86537 -613.0
248.73227 23.86855 -606.0
248.72679 23.87172 -606.0
248.7213 23.8749 -606.0
248.71581 23.87807 -604.0
248.71032 23.88125 -598.0
248.70484 23.88442 -594.0
248.69935 23.8876 -594.0
248.69386 23.89077 -591.0
248.68837 23.89395 -585.0
248.68289 23.89712 -581.0
248.6774 23.9003 -579.0
248.67197 23.9042 -576.0
248.66653 23.9081 -572.0
248.6611 23.912 -566.0
248.65567 23.9159 -562.0
248.65023 23.9198 -557.0
248.6448 23.9237 -553.0
248.63836 23.92856 -547.0
248.63192 23.93342 -543.0
248.62548 23.93828 -541.0
248.61904 23.94314 -535.0
248.61261 23.948 -528.0
248.60617 23.95287 -522.0
248.59973 23.95773 -517.0
248.59329 23.96259 -509.0
248.58685 23.96745 -507.0
248.58041 23.97231 -500.0
248.57397 23.97717 -494.0
248.56753 23.98203 -487.0
248.56109 23.98689 -483.0
248.55466 23.99175 -477.0
248.54822 23.99662 -475.0
248.54178 24.00148 -472.0
248.53534 24.00634 -468.0
248.5289 24.0112 -464.0
248.52246 24.01606 -457.0
248.51602 24.02092 -453.0
248.50958 24.02578 -448.0
248.50315 24.03064 -441.0
248.49671 24.03551 -446.0
248.49027 24.04037 -426.0
248.48383 24.04523 -414.0
248.47739 24.05009 -407.0
248.47095 24.05495 -396.0
248.46451 24.05981 -386.0
248.45807 24.06467 -379.0
248.45164 24.06953 -375.0
248.4452 24.07439 -368.0
248.43876 24.07925 -358.0
248.43232 24.08412 -350.0
248.42588 24.08898 -344.0
248.41944 24.09384 -339.0
248.413 24.0987 -329.0
248.40692 24.10351 -324.0
248.40083 24.10832 -232.0
248.39475 24.11312 -222.0
248.38866 24.11793 -241.0
248.38257 24.12274 -260.0
248.37649 24.12755 -258.0
248.3704 24.13236 -256.0
248.36431 24.13717 -249.0
248.35823 24.14197 -241.0
248.35214 24.14678 -226.0
248.34605 24.15159 -174.0
248.33997 24.1564 -128.0
248.33388 24.16121 -131.0
248.3278 24.16602 -126.0
248.32171 24.17082 -128.0
248.31562 24.17563 -129.0
248.30954 24.18044 -139.0
248.30345 24.18525 -137.0
248.29737 24.19006 -128.0
248.29128 24.19487 -124.0
248.28519 24.19967 -116.0
248.27911 24.20448 -109.0
248.27302 24.20929 -101.0
248.26694 24.2141 -99.0
248.26085 24.21891 -101.0
248.25476 24.22372 -94.0
248.24868 24.22852 -98.0
248.24259 24.23333 -94.0
248.2365 24.23814 -94.0
248.23042 24.24295 -90.0
248.22433 24.24776 -90.0
248.21825 24.25257 -94.0
248.21216 24.25737 -92.0
248.20607 24.26218 -90.0
248.19999 24.26699 -90.0
248.1939 24.2718 -88.0
248.1877 24.27668 -86.0
248.18149 24.28157 -88.0
248.17529 24.28645 -88.0
248.16908 24.29133 -88.0
248.16287 24.29622 -88.0
248.15667 24.3011 -88.0
248.15046 24.30598 -90.0
248.14426 24.31087 -90.0
248.13805 24.31575 -94.0
248.13184 24.32063 -96.0
248.12564 24.32552 -96.0
248.11943 24.3304 -96.0
248.11323 24.33528 -96.0
248.10702 24.34017 -98.0
248.10082 24.34505 -98.0
248.09461 24.34993 -98.0
248.08841 24.35482 -99.0
248.0822 24.3597 -99.0
248.07599 24.36458 -101.0
248.06979 24.36947 -101.0
248.06358 24.37435 -99.0
248.05738 24.37923 -98.0
248.05117 24.38412 -99.0
248.04497 24.389 -101.0
248.03876 24.39388 -98.0
248.03256 24.39877 -98.0
248.02635 24.40365 -98.0
248.02014 24.40853 -98.0
248.01394 24.41342 -98.0
248.00773 24.4183 -98.0
248.00153 24.42318 -98.0
247.99532 24.42807 -98.0
247.98911 24.43295 -98.0
247.98291 24.43783 -98.0
247.9767 24.44272 -94.0
247.9705 24.4476 -94.0
247.96394 24.45272 -94.0
247.95738 24.45783 -90.0
247.95082 24.46295 -90.0
247.94427 24.46807 -90.0
247.93771 24.47318 -86.0
247.93115 24.4783 -86.0
247.92459 24.48342 -86.0
247.91803 24.48853 -83.0
247.91147 24.49365 -83.0
247.90491 24.49877 -83.0
247.89836 24.50388 -83.0
247.8918 24.509 -83.0
247.88524 24.51412 -83.0
247.87868 24.51923 -83.0
247.87212 24.52435 -86.0
247.86556 24.52947 -86.0
