src/examples/baja-bathymetry.asc
NCOLS 3
NROWS 82970
XLLCENTER 726700
YLLCENTER 4820125
CELLSIZE 25
[rows 1232 to 1847 of 82970, columns 0 to 2 of 3]
253.8149 20.20656 -2559.0
253.82079 20.20217 -2602.0
253.83551 20.1912 -2617.0
253.85024 20.18022 -2615.0
253.86496 20.16925 -2611.0
253.87968 20.15827 -2609.0
253.8944 20.1473 -2607.0
253.90816 20.1372 -2598.0
253.92193 20.12711 -2572.0
253.93294 20.11903 -2532.0
253.93569 20.11701 -2499.0
253.93844 20.11499 -2419.0
253.94119 20.11297 -2376.0
253.94395 20.11095 -2357.0
253.9467 20.10893 -2359.0
253.94945 20.10691 -2331.0
253.96046 20.09883 -2196.0
253.96322 20.09681 -2170.0
253.97698 20.08672 -2124.0
253.99074 20.07662 -2103.0
254.0045 20.06652 -2004.0
254.01001 20.06248 -2009.0
254.01551 20.05844 -1951.0
254.01827 20.05643 -1932.0
254.02377 20.05239 -1879.0
254.02928 20.04835 -1851.0
254.03203 20.04633 -1845.0
254.03478 20.04431 -1810.0
254.03753 20.04229 -1808.0
254.04029 20.04027 -1798.0
254.04579 20.03623 -1750.0
254.04854 20.03421 -1702.0
254.0513 20.03219 -1694.0
254.05405 20.03017 -1717.0
254.0568 20.02815 -1742.0
254.05955 20.02613 -1740.0
254.06231 20.02411 -1717.0
254.06781 20.02008 -1734.0
254.07056 20.01806 -1726.0
254.07332 20.01604 -1752.0
254.07607 20.01402 -1761.0
254.08158 20.00998 -1864.0
254.08433 20.00796 -1920.0
254.08708 20.00594 -1851.0
247.68224 23.50509 -3088.0
247.68226 23.50498 -3088.0
247.68228 23.50488 -3088.0
247.68231 23.5048 -3086.0
247.68279 23.50264 -3086.0
247.68351 23.49967 -3084.0
247.68421 23.49639 -3073.0
247.68489 23.49306 -3073.0
247.68546 23.48973 -3077.0
247.68607 23.48639 -3081.0
247.68671 23.48306 -3088.0
247.68743 23.47977 -3102.0
247.68818 23.47649 -3123.0
247.68886 23.47317 -3140.0
247.68949 23.46982 -3128.0
247.69 23.46648 -3118.0
247.69038 23.46313 -3114.0
247.69076 23.45981 -3112.0
247.69141 23.45652 -3112.0
247.69198 23.45319 -3112.0
247.69253 23.44988 -3112.0
247.69317 23.44655 -3115.0
247.69378 23.44327 -3116.0
247.69423 23.44058 -3118.0
247.69477 23.43808 -3119.0
247.69531 23.43528 -3120.0
247.69585 23.43217 -3123.0
247.69641 23.42898 -3125.0
247.69696 23.42566 -3129.0
247.69749 23.42229 -3131.0
247.69806 23.41893 -3135.0
247.69871 23.41557 -3137.0
247.69939 23.41222 -3142.0
247.70009 23.40848 -3144.0
247.70077 23.40474 -3142.0
247.70131 23.40139 -3145.0
247.7019 23.39805 -3145.0
247.70253 23.3947 -3146.0
247.70317 23.39135 -3149.0
247.70385 23.38802 -3151.0
247.70455 23.38468 -3153.0
247.70518 23.38137 -3157.0
247.7058 23.37803 -3165.0
247.70637 23.37466 -3170.0
247.70699 23.37132 -3172.0
247.70771 23.36797 -3174.0
247.70841 23.36461 -3176.0
247.7091 23.36126 -3177.0
247.70968 23.35789 -3181.0
247.7103 23.35454 -3183.0
247.7109 23.35119 -3187.0
247.71155 23.34784 -3190.0
247.71219 23.34448 -3192.0
247.71283 23.34112 -3195.0
247.71349 23.33779 -3198.0
247.71419 23.33447 -3200.0
247.71486 23.3311 -3206.0
247.71551 23.32774 -3209.0
247.7161 23.32439 -3212.0
247.71673 23.32104 -3215.0
247.71735 23.31768 -3219.0
247.71791 23.31433 -3224.0
247.71847 23.31099 -3230.0
247.71887 23.30845 -3235.0
247.71946 23.30516 -3244.0
247.72009 23.30181 -3252.0
247.72079 23.29847 -3261.0
247.72149 23.29512 -3269.0
247.72216 23.29174 -3273.0
247.72281 23.28839 -3273.0
247.72346 23.28504 -3275.0
247.72413 23.28165 -3279.0
247.72481 23.27827 -3287.0
247.72539 23.27487 -3289.0
247.72599 23.27149 -3292.0
247.72664 23.26811 -3292.0
247.72734 23.26476 -3290.0
247.72803 23.26138 -3292.0
247.72867 23.25804 -3297.0
247.72922 23.25466 -3301.0
247.72979 23.2513 -3308.0
247.73047 23.24795 -3313.0
247.73118 23.2446 -3326.0
247.73183 23.24123 -3342.0
247.73242 23.23786 -3353.0
247.73308 23.23453 -3353.0
247.73379 23.23114 -3354.0
247.73449 23.2278 -3365.0
247.73511 23.22441 -3380.0
247.7358 23.22106 -3379.0
247.73649 23.2177 -3377.0
247.73715 23.21437 -3392.0
247.73781 23.21103 -3405.0
247.73848 23.20731 -3407.0
247.73915 23.20353 -3386.0
247.73983 23.20017 -3374.0
247.74052 23.19682 -3372.0
247.74118 23.19347 -3364.0
247.74176 23.19012 -3365.0
247.74243 23.18677 -3351.0
247.74313 23.18342 -3342.0
247.74385 23.18006 -3351.0
247.74453 23.17669 -3360.0
247.74515 23.17334 -3360.0
247.74576 23.16998 -3355.0
247.74645 23.16661 -3353.0
247.74714 23.16326 -3355.0
247.7478 23.15991 -3347.0
247.7484 23.15655 -3363.0
247.74901 23.15323 -3399.0
247.7496 23.14988 -3428.0
247.75013 23.14654 -3429.0
247.75067 23.14318 -3437.0
247.75135 23.13986 -3436.0
247.75207 23.1365 -3437.0
247.75278 23.13315 -3442.0
247.75346 23.12979 -3450.0
247.75414 23.12644 -3448.0
247.7548 23.12308 -3440.0
247.75534 23.11971 -3455.0
247.75596 23.11634 -3468.0
247.75651 23.11298 -3469.0
247.75707 23.10959 -3464.0
247.75754 23.10709 -3449.0
247.75818 23.10378 -3442.0
247.75876 23.10041 -3437.0
247.75938 23.09705 -3449.0
247.76002 23.09369 -3449.0
247.76064 23.09029 -3442.0
247.76127 23.08691 -3420.0
247.76192 23.08355 -3424.0
247.76256 23.08018 -3412.0
247.76323 23.07683 -3413.0
247.76383 23.07345 -3405.0
247.76445 23.07006 -3403.0
247.76509 23.06671 -3398.0
247.76577 23.06336 -3410.0
247.76644 23.05999 -3414.0
247.76706 23.05663 -3385.0
247.76767 23.05333 -3360.0
247.76833 23.04992 -3338.0
247.76903 23.04655 -3324.0
247.76975 23.04321 -3315.0
247.77041 23.03985 -3311.0
247.77105 23.03649 -3311.0
247.77174 23.03314 -3320.0
247.77226 23.02975 -3328.0
247.77278 23.02638 -3324.0
247.77337 23.02302 -3349.0
247.77396 23.01966 -3378.0
247.77454 23.01631 -3392.0
247.77514 23.01294 -3408.0
247.77572 23.00956 -3417.0
247.77633 23.00583 -3412.0
247.77694 23.00206 -3399.0
247.77759 22.9987 -3391.0
247.77809 22.99535 -3391.0
247.77856 22.99201 -3381.0
247.77907 22.98864 -3371.0
247.77964 22.98527 -3366.0
247.78022 22.98192 -3368.0
247.78083 22.97857 -3370.0
247.78145 22.97519 -3376.0
247.78199 22.97184 -3390.0
247.78248 22.96848 -3394.0
247.78302 22.96511 -3374.0
247.78359 22.96174 -3356.0
247.78416 22.95836 -3320.0
247.7847 22.95499 -3295.0
247.78521 22.95162 -3293.0
247.78583 22.94827 -3301.0
247.78648 22.94488 -3311.0
247.78709 22.94151 -3316.0
247.78763 22.9381 -3282.0
247.78822 22.93473 -3272.0
247.78883 22.93143 -3285.0
247.78947 22.92806 -3298.0
247.7901 22.92468 -3338.0
247.79063 22.92127 -3368.0
247.79125 22.91788 -3378.0
247.79185 22.91449 -3292.0
247.79242 22.91113 -3313.0
247.793 22.90777 -3334.0
247.79344 22.90525 -3327.0
247.79408 22.90196 -3264.0
247.79472 22.89866 -3240.0
247.7954 22.8953 -3238.0
247.79605 22.89194 -3241.0
247.79668 22.88858 -3252.0
247.79727 22.8852 -3252.0
247.79783 22.88182 -3268.0
247.79846 22.8784 -3273.0
247.79907 22.87504 -3269.0
247.79962 22.87165 -3281.0
247.80022 22.86829 -3336.0
247.80086 22.86495 -3309.0
247.8015 22.86158 -3324.0
247.8021 22.85825 -3332.0
247.80268 22.85489 -3338.0
247.80324 22.85152 -3316.0
247.80391 22.84816 -3304.0
247.80462 22.84482 -3297.0
247.80536 22.84148 -3298.0
247.80607 22.83812 -3302.0
247.80678 22.83477 -3284.0
247.80745 22.83141 -3260.0
247.80807 22.82802 -3231.0
247.80864 22.82462 -3226.0
247.80921 22.82125 -3241.0
247.8098 22.81783 -3272.0
247.81041 22.81447 -3275.0
247.81109 22.81118 -3262.0
247.81177 22.80782 -3245.0
247.81244 22.80444 -3237.0
247.81336 22.80028 -3224.0
247.81405 22.79693 -3247.0
247.81471 22.79356 -3278.0
247.81534 22.7902 -3293.0
247.81599 22.78684 -3314.0
247.81667 22.78348 -3328.0
247.8173 22.78011 -3327.0
247.81788 22.77669 -3313.0
247.81841 22.77329 -3273.0
247.81905 22.76989 -3239.0
247.81978 22.7665 -3237.0
247.82037 22.76313 -3240.0
247.82094 22.75972 -3245.0
247.82156 22.75633 -3186.0
247.82222 22.75296 -3164.0
247.82291 22.74961 -3279.0
247.82361 22.74626 -3365.0
247.82422 22.74289 -3368.0
247.82485 22.73954 -3356.0
247.82549 22.73617 -3354.0
247.8262 22.73279 -3349.0
247.82688 22.72948 -3349.0
247.82757 22.72618 -3352.0
247.82824 22.72288 -3348.0
247.82884 22.71956 -3344.0
247.8294 22.71621 -3345.0
247.83006 22.7129 -3346.0
247.83066 22.70958 -3349.0
247.83123 22.70627 -3351.0
247.83167 22.70377 -3350.0
247.83219 22.7005 -3346.0
247.83281 22.69719 -3354.0
247.83344 22.69389 -3355.0
247.83407 22.69058 -3341.0
247.83474 22.68726 -3357.0
247.83545 22.68396 -3343.0
247.83597 22.68063 -3329.0
247.83646 22.67731 -3351.0
247.83693 22.67398 -3359.0
247.83755 22.67065 -3362.0
247.83816 22.66733 -3371.0
247.83874 22.66401 -3371.0
247.83935 22.66067 -3367.0
247.83999 22.65732 -3355.0
247.8406 22.65399 -3352.0
247.84119 22.65063 -3331.0
247.84172 22.6473 -3334.0
247.84226 22.64395 -3336.0
247.8428 22.64062 -3366.0
247.84344 22.63727 -3390.0
247.84411 22.63396 -3344.0
247.84473 22.63062 -3298.0
247.8453 22.62728 -3276.0
247.84583 22.62393 -3270.0
247.84635 22.62058 -3269.0
247.84691 22.61722 -3284.0
247.8475 22.61389 -3328.0
247.84813 22.61058 -3379.0
247.84876 22.60728 -3438.0
247.84931 22.60393 -3461.0
247.84995 22.5998 -3448.0
247.85056 22.59648 -3415.0
247.85112 22.59315 -3361.0
247.85167 22.58984 -3322.0
247.8523 22.58649 -3326.0
247.85288 22.58317 -3325.0
247.8534 22.57983 -3310.0
247.85398 22.57651 -3288.0
247.85459 22.57318 -3264.0
247.85522 22.56986 -3259.0
247.85577 22.56652 -3276.0
247.85627 22.5632 -3279.0
247.85679 22.55988 -3271.0
247.85735 22.55654 -3263.0
247.85795 22.55324 -3268.0
247.85855 22.54989 -3278.0
247.85915 22.54654 -3294.0
247.85978 22.5432 -3307.0
247.86042 22.53986 -3286.0
247.86099 22.53652 -3293.0
247.86148 22.53319 -3332.0
247.86204 22.52987 -3347.0
247.86262 22.52653 -3346.0
247.86319 22.52318 -3332.0
247.86384 22.51985 -3321.0
247.86446 22.5165 -3331.0
247.86513 22.51317 -3359.0
247.86572 22.50984 -3362.0
247.8663 22.50652 -3338.0
247.86672 22.50402 -3321.0
247.86728 22.50074 -3306.0
247.86783 22.49742 -3293.0
247.86841 22.49408 -3283.0
247.86901 22.49074 -3287.0
247.86963 22.48742 -3297.0
247.87025 22.4841 -3311.0
247.87088 22.48077 -3337.0
247.8715 22.47744 -3361.0
247.87214 22.4741 -3384.0
247.87274 22.47077 -3385.0
247.87322 22.46741 -3385.0
247.87374 22.46408 -3398.0
247.87429 22.46077 -3409.0
247.87484 22.45744 -3414.0
247.87546 22.4541 -3413.0
247.87612 22.45078 -3408.0
247.8768 22.44748 -3394.0
247.87737 22.44417 -3407.0
247.8779 22.44084 -3413.0
247.87848 22.43752 -3414.0
247.87914 22.43418 -3404.0
247.87972 22.43087 -3393.0
247.88024 22.42753 -3392.0
247.88074 22.42418 -3382.0
247.8814 22.42085 -3403.0
247.88197 22.41751 -3402.0
247.88248 22.41416 -3406.0
247.88308 22.41082 -3404.0
247.88371 22.40749 -3397.0
247.88431 22.40414 -3400.0
247.88495 22.39999 -3402.0
247.88557 22.39668 -3406.0
247.88617 22.39333 -3408.0
247.88677 22.39 -3398.0
247.88729 22.38667 -3391.0
247.8879 22.38333 -3409.0
247.88853 22.38 -3412.0
247.88917 22.37668 -3416.0
247.88984 22.37333 -3408.0
247.89062 22.36999 -3395.0
247.89143 22.36664 -3389.0
247.89224 22.36331 -3385.0
247.89312 22.35994 -3379.0
247.89401 22.35658 -3372.0
247.8948 22.35327 -3369.0
247.89567 22.34997 -3368.0
247.89648 22.34665 -3361.0
247.89731 22.34332 -3358.0
247.89816 22.33998 -3354.0
247.89908 22.33671 -3346.0
247.9 22.33344 -3346.0
247.90076 22.33013 -3345.0
247.90152 22.32679 -3341.0
247.90228 22.32344 -3343.0
247.90315 22.32017 -3342.0
247.90404 22.31688 -3340.0
247.9049 22.3136 -3329.0
247.90575 22.31033 -3324.0
247.90658 22.30704 -3314.0
247.90752 22.30335 -3314.0
247.9085 22.29966 -3298.0
247.90942 22.29636 -3282.0
247.91024 22.29304 -3260.0
247.9107 22.28961 -3221.0
247.91114 22.28618 -3152.0
247.91163 22.28274 -3115.0
247.91217 22.27933 -3112.0
247.91266 22.27589 -3138.0
247.91312 22.27248 -3160.0
247.91359 22.26905 -3184.0
247.91404 22.26561 -3202.0
247.91453 22.26219 -3215.0
247.91504 22.25876 -3222.0
247.91541 22.25607 -3221.0
247.91539 22.25583 -3217.0
247.91536 22.25569 -3205.0
247.91531 22.25557 -3198.0
247.9153 22.25544 -3202.0
247.91527 22.25531 -3206.0
247.91521 22.25519 -3201.0
247.91519 22.25505 -3198.0
247.91517 22.25494 -3205.0
247.91516 22.2548 -3203.0
247.91511 22.25468 -3207.0
247.91508 22.25455 -3216.0
247.91503 22.25443 -3226.0
247.91501 22.25429 -3227.0
247.91501 22.25407 -3229.0
247.91614 22.24667 -3232.0
247.91659 22.24354 -3240.0
247.91692 22.24096 -3249.0
247.91739 22.23753 -3251.0
247.91789 22.23399 -3248.0
247.91835 22.23056 -3244.0
247.91894 22.22714 -3240.0
247.91948 22.22373 -3238.0
247.92002 22.22031 -3239.0
247.92046 22.21688 -3240.0
247.92095 22.21346 -3243.0
247.92154 22.21005 -3241.0
247.92203 22.20663 -3242.0
247.92248 22.20319 -3244.0
247.92299 22.19974 -3246.0
247.92351 22.19633 -3246.0
247.92404 22.19249 -3247.0
247.92457 22.18868 -3249.0
247.92502 22.18524 -3250.0
247.9255 22.18181 -3250.0
247.92604 22.17839 -3251.0
247.9266 22.17498 -3251.0
247.92703 22.17152 -3250.0
247.92748 22.16806 -3250.0
247.92796 22.16463 -3252.0
247.92848 22.1612 -3251.0
247.92898 22.15779 -3247.0
247.92943 22.15437 -3246.0
247.92985 22.15093 -3251.0
247.9303 22.14749 -3248.0
247.93078 22.14405 -3245.0
247.93135 22.14063 -3244.0
247.93191 22.13719 -3245.0
247.93249 22.13376 -3247.0
247.9331 22.13033 -3246.0
247.93366 22.12691 -3243.0
247.93417 22.12345 -3241.0
247.93464 22.11999 -3239.0
247.93516 22.11656 -3239.0
247.93572 22.1131 -3238.0
247.93624 22.10962 -3242.0
247.93675 22.10618 -3250.0
247.93735 22.10274 -3249.0
247.93792 22.0993 -3244.0
247.93844 22.09586 -3252.0
247.93892 22.09243 -3250.0
247.93928 22.08984 -3250.0
247.93981 22.08644 -3257.0
247.94038 22.083 -3250.0
247.94095 22.07955 -3251.0
247.94143 22.0761 -3257.0
247.94189 22.07265 -3258.0
247.94246 22.06921 -3261.0
247.94303 22.06576 -3264.0
247.94348 22.06232 -3273.0
247.94394 22.05885 -3273.0
247.94446 22.05541 -3261.0
247.945 22.05198 -3260.0
247.94555 22.04855 -3260.0
247.94605 22.04511 -3264.0
247.94652 22.04167 -3275.0
247.94696 22.0382 -3272.0
247.94744 22.03475 -3269.0
247.94793 22.03129 -3278.0
247.94852 22.02786 -3283.0
247.94909 22.02443 -3271.0
247.94954 22.02099 -3276.0
247.94996 22.01752 -3274.0
247.95038 22.01407 -3273.0
247.95082 22.0106 -3267.0
247.95128 22.00713 -3281.0
247.9518 22.00369 -3269.0
247.95236 22.00024 -3270.0
247.95294 21.99681 -3284.0
247.95344 21.99338 -3294.0
247.95395 21.98996 -3299.0
247.95454 21.98613 -3308.0
247.95517 21.98234 -3312.0
247.95577 21.97891 -3309.0
247.95632 21.97548 -3309.0
247.95686 21.97204 -3291.0
247.95741 21.96859 -3278.0
247.95801 21.96515 -3283.0
247.95858 21.96171 -3295.0
247.95913 21.95828 -3304.0
247.95973 21.95484 -3313.0
247.96029 21.95138 -3317.0
247.96084 21.94794 -3317.0
247.96142 21.94451 -3320.0
247.96205 21.94108 -3326.0
247.96266 21.93764 -3339.0
247.96316 21.93419 -3345.0
247.96361 21.93074 -3365.0
247.96406 21.92727 -3384.0
247.96454 21.92381 -3393.0
247.96513 21.92038 -3378.0
247.9657 21.91694 -3353.0
247.96628 21.91351 -3330.0
247.96684 21.91006 -3312.0
247.96743 21.90663 -3293.0
247.96794 21.90317 -3287.0
247.96848 21.89973 -3284.0
247.96908 21.89629 -3277.0
247.96968 21.89285 -3276.0
247.97014 21.8894 -3276.0
247.97058 21.88594 -3276.0
247.97098 21.88335 -3278.0
247.9714 21.87996 -3279.0
247.97181 21.87649 -3281.0
247.9723 21.87304 -3286.0
247.97294 21.86961 -3286.0
247.97349 21.86616 -3292.0
247.974 21.86271 -3293.0
247.97447 21.85926 -3289.0
247.97501 21.85581 -3289.0
247.97561 21.85238 -3291.0
247.97615 21.84894 -3291.0
247.97664 21.84547 -3295.0
247.97717 21.84199 -3301.0
247.9777 21.83853 -3308.0
247.97828 21.83509 -3312.0
247.97879 21.83165 -3314.0
247.97932 21.82819 -3319.0
247.97988 21.82476 -3327.0
247.98044 21.82133 -3331.0
247.98101 21.8179 -3339.0
247.9815 21.81443 -3340.0
247.98192 21.81095 -3342.0
247.98228 21.80748 -3340.0
247.98278 21.80402 -3344.0
247.98332 21.80055 -3347.0
247.98382 21.79711 -3353.0
247.98432 21.79367 -3362.0
247.98486 21.79022 -3364.0
247.98537 21.78674 -3362.0
247.98588 21.78331 -3364.0
247.98648 21.77945 -3363.0
247.98707 21.77559 -3367.0
247.98758 21.77214 -3374.0
247.98807 21.76869 -3379.0
247.98858 21.76526 -3382.0
247.9891 21.76181 -3385.0
247.98969 21.75838 -3386.0
247.99029 21.75494 -3388.0
247.99083 21.75148 -3388.0
247.99138 21.748 -3388.0
247.99195 21.74454 -3397.0
247.99243 21.74109 -3402.0
247.99292 21.73764 -3402.0
247.99337 21.73419 -3404.0
247.9938 21.73072 -3406.0
247.99421 21.72724 -3408.0
247.99471 21.72374 -3409.0
247.99524 21.72024 -3413.0
247.99574 21.71677 -3409.0
247.99619 21.71328 -3423.0
247.99659 21.70982 -3422.0
247.99703 21.70633 -3351.0
247.99749 21.70287 -3354.0
247.99803 21.6994 -3403.0
248.22002 20.05838 -3320.0
248.22058 20.05516 -3312.0
248.22124 20.05188 -3296.0
248.22192 20.04862 -3293.0
248.22262 20.04533 -3281.0
248.22333 20.04205 -3279.0
248.22397 20.03876 -3269.0
248.22464 20.03546 -3282.0
248.22522 20.03218 -3289.0
248.22581 20.02889 -3294.0
248.22642 20.02561 -3292.0
248.22697 20.02231 -3284.0
248.22753 20.01903 -3267.0
248.22811 20.01573 -3248.0
248.22869 20.01244 -3243.0
248.22924 20.00913 -3256.0
248.22986 20.00583 -3264.0
248.23053 20.00257 -3259.0
245.0317 28.76 -99.0
245.08365 28.77907 -98.0
