src/examples/baja-bathymetry.asc
NCOLS 3
NROWS 82970
XLLCENTER 726700
YLLCENTER 4820125
CELLSIZE 25
[rows 66528 to 67143 of 82970, columns 0 to 2 of 3]
251.47948 21.88542 -2928.0
251.47857 21.88325 -2941.0
251.47654 21.87842 -2774.0
251.47434 21.87331 -2864.0
251.47141 21.86669 -2842.0
251.47031 21.86419 -2827.0
251.46882 21.86081 -2823.0
251.46481 21.85176 -2896.0
251.46296 21.84757 -2863.0
251.46102 21.84319 -2863.0
251.45971 21.84023 -2868.0
251.45859 21.83769 -2830.0
251.45694 21.83397 -2854.0
251.45411 21.82921 -2854.0
251.45189 21.82648 -2830.0
251.44931 21.8233 -2844.0
251.4475 21.82106 -2833.0
251.44025 21.81213 -2818.0
251.4378 21.80911 -2824.0
251.43441 21.80493 -2806.0
251.43239 21.80245 -2807.0
251.43038 21.79997 -2818.0
251.42615 21.79475 -2827.0
251.42189 21.7895 -2796.0
251.41746 21.78404 -2827.0
251.41384 21.77957 -2825.0
251.41125 21.77638 -2806.0
251.40759 21.77188 -2783.0
251.40098 21.76373 -2858.0
251.39753 21.75946 -2831.0
251.39595 21.75752 -2824.0
251.3935 21.7545 -2839.0
251.39169 21.75227 -2841.0
251.38947 21.74954 -2824.0
251.38608 21.74536 -2788.0
251.38286 21.74139 -2799.0
251.38085 21.7389 -2823.0
251.37803 21.73543 -2806.0
251.37618 21.73315 -2803.0
251.37053 21.72597 -2782.0
251.36745 21.72105 -2776.0
251.36485 21.71692 -2765.0
251.3622 21.7127 -2790.0
251.35881 21.7073 -2874.0
251.35483 21.70095 -2794.0
251.35218 21.69673 -2834.0
251.34712 21.68867 -2814.0
251.34493 21.68519 -2782.0
251.34277 21.68175 -2801.0
251.33984 21.67708 -2788.0
251.33737 21.67315 -2779.0
251.33429 21.66823 -2767.0
251.33105 21.66308 -2716.0
251.3272 21.65693 -2718.0
251.3246 21.6528 -2733.0
251.32244 21.64936 -2721.0
251.32056 21.64637 -2734.0
251.31902 21.64391 -2725.0
251.3181 21.64244 -2733.0
251.31627 21.63953 -2728.0
251.31517 21.63777 -2737.0
251.31396 21.63585 -2721.0
251.30946 21.62868 -2776.0
251.30764 21.62577 -2771.0
251.30471 21.62111 -2741.0
251.30316 21.61865 -2732.0
251.30008 21.61374 -2706.0
251.29712 21.60903 -2744.0
251.2953 21.60612 -2747.0
251.29391 21.60391 -2742.0
251.29237 21.60145 -2766.0
251.29096 21.5992 -2779.0
251.28913 21.59629 -2770.0
251.28759 21.59384 -2763.0
251.28633 21.59183 -2767.0
251.28479 21.58938 -2761.0
251.28065 21.58278 -2764.0
251.27756 21.57787 -2758.0
251.27569 21.57488 -2752.0
251.27386 21.57197 -2765.0
251.27122 21.56776 -2770.0
251.26798 21.5626 -2740.0
251.26397 21.55621 -2767.0
251.26258 21.554 -2776.0
251.25998 21.54986 -2738.0
251.25795 21.54663 -2730.0
251.25549 21.5427 -2776.0
251.25194 21.53705 -2746.0
251.24903 21.53242 -2755.0
251.24654 21.52845 -2785.0
251.24364 21.52382 -2818.0
251.24071 21.51916 -2836.0
251.23839 21.51547 -2843.0
251.23652 21.51248 -2839.0
251.23104 21.50354 -2783.0
251.22958 21.50097 -2789.0
251.22638 21.49537 -2857.0
251.22258 21.48869 -2896.0
251.22126 21.48638 -2893.0
251.21992 21.48403 -2914.0
251.21627 21.47762 -2919.0
251.21437 21.47428 -2921.0
251.21249 21.47099 -2932.0
251.20942 21.4656 -2919.0
251.20822 21.4635 -2922.0
251.20618 21.45991 -2908.0
251.20472 21.45734 -2897.0
251.20047 21.4499 -2839.0
251.19649 21.44271 -2735.0
251.1957 21.44112 -2737.0
251.19212 21.43393 -2677.0
251.19067 21.43102 -2698.0
251.18859 21.42682 -2665.0
251.18225 21.41408 -2779.0
251.18056 21.41068 -2718.0
251.17711 21.40375 -2639.0
251.17356 21.39661 -2666.0
251.17069 21.39083 -2710.0
251.16871 21.38686 -2689.0
251.1679 21.38522 -2701.0
251.16698 21.38337 -2700.0
251.165 21.3794 -2714.0
251.16329 21.37596 -2730.0
251.16147 21.3723 -2706.0
251.16039 21.37014 -2707.0
251.15802 21.36537 -2704.0
251.15568 21.36065 -2742.0
251.15394 21.35717 -2707.0
251.15197 21.3532 -2766.0
251.14881 21.34684 -2836.0
251.14723 21.34367 -2860.0
251.14251 21.33418 -2705.0
251.14078 21.3307 -2724.0
251.13933 21.32779 -2700.0
251.13564 21.32037 -2788.0
251.13406 21.3172 -2778.0
251.13053 21.3101 -2972.0
251.12921 21.30745 -2969.0
251.12671 21.30242 -2926.0
251.1238 21.29655 -2964.0
251.12182 21.29258 -2975.0
251.11947 21.28786 -2928.0
251.11721 21.28332 -2951.0
251.11576 21.28041 -2937.0
251.11432 21.2775 -2939.0
251.11276 21.27436 -2905.0
251.11037 21.26956 -2773.0
251.10839 21.26558 -2815.0
251.10576 21.26029 -2728.0
251.10471 21.25817 -2745.0
251.10076 21.25023 -2788.0
251.09696 21.2426 -2890.0
251.09483 21.23832 -2902.0
251.09367 21.23598 -2902.0
251.09259 21.23382 -2890.0
251.09169 21.23201 -2875.0
251.09051 21.22963 -2869.0
251.0859 21.22037 -2759.0
251.08327 21.21507 -2806.0
251.07877 21.20603 -2682.0
251.07734 21.20316 -2689.0
251.07603 21.20051 -2709.0
251.07482 21.19809 -2691.0
251.07219 21.1928 -2731.0
251.06824 21.18485 -2806.0
251.0647 21.17775 -2701.0
251.06363 21.17559 -2700.0
251.06244 21.17321 -2712.0
251.06141 21.17113 -2706.0
251.05981 21.16791 -2712.0
251.05746 21.16319 -2695.0
251.05615 21.16055 -2708.0
251.05455 21.15733 -2688.0
251.05365 21.15552 -2667.0
251.05244 21.15309 -2666.0
251.05035 21.1489 -2647.0
251.04825 21.14467 -2613.0
251.0464 21.14096 -2630.0
251.04217 21.13245 -2781.0
251.03875 21.12556 -2858.0
251.03719 21.12243 -2890.0
251.03546 21.11895 -2872.0
251.03282 21.11365 -2825.0
251.03151 21.11101 -2825.0
251.03019 21.10836 -2830.0
251.0294 21.10677 -2824.0
251.02718 21.10231 -2780.0
251.02468 21.09729 -2810.0
251.02308 21.09407 -2821.0
251.02126 21.0904 -2844.0
251.01966 21.08718 -2868.0
251.01702 21.08189 -2854.0
251.01558 21.07898 -2862.0
251.01349 21.07479 -2881.0
251.01097 21.06971 -2866.0
251.00965 21.06707 -2875.0
251.00875 21.06526 -2875.0
251.00678 21.06129 -2839.0
251.00465 21.05701 -2871.0
251.00267 21.05304 -2831.0
251.0007 21.04907 -2851.0
250.9978 21.04324 -2781.0
250.99609 21.0398 -2816.0
250.99477 21.03716 -2797.0
250.99243 21.03244 -2731.0
250.99083 21.02922 -2759.0
250.98835 21.02423 -2719.0
250.9865 21.02053 -2761.0
250.9849 21.01731 -2742.0
250.98293 21.01334 -2728.0
250.98189 21.01126 -2730.0
250.98095 21.00936 -2741.0
250.97964 21.00672 -2740.0
250.9774 21.00222 -2702.0
250.97584 20.99909 -2711.0
250.97358 20.99454 -2693.0
250.97239 20.99216 -2685.0
250.9716 20.99057 -2694.0
250.97042 20.98819 -2726.0
250.96818 20.98369 -2715.0
250.96555 20.9784 -2710.0
250.96399 20.97526 -2711.0
250.96201 20.97129 -2717.0
250.96054 20.96834 -2709.0
250.9595 20.96625 -2710.0
250.95787 20.96301 -2682.0
250.95654 20.96034 -2694.0
250.95535 20.95799 -2718.0
250.95319 20.95368 -2695.0
250.95158 20.95047 -2690.0
250.95051 20.94834 -2696.0
250.94904 20.94541 -2661.0
250.94623 20.93981 -2631.0
250.94382 20.93501 -2636.0
250.94076 20.92892 -2604.0
250.9398 20.92701 -2610.0
250.9378 20.92301 -2607.0
250.93699 20.92141 -2604.0
250.93619 20.91981 -2583.0
250.93365 20.91474 -2600.0
250.9326 20.91265 -2576.0
250.93177 20.91101 -2589.0
250.93059 20.90865 -2571.0
250.92872 20.90492 -2584.0
250.92725 20.90198 -2568.0
250.92591 20.89932 -2565.0
250.92281 20.89314 -2571.0
250.92122 20.88998 -2577.0
250.91893 20.88541 -2583.0
250.91692 20.88141 -2598.0
250.91371 20.87501 -2619.0
250.91277 20.87314 -2608.0
250.91143 20.87047 -2616.0
250.90956 20.86674 -2589.0
250.90784 20.86332 -2547.0
250.90597 20.85958 -2572.0
250.90434 20.85634 -2541.0
250.90407 20.85581 -2540.0
250.89927 20.84625 -2570.0
250.89805 20.84381 -2555.0
250.89684 20.84141 -2553.0
250.8947 20.83714 -2580.0
250.89216 20.83207 -2575.0
250.89028 20.82834 -2572.0
250.88667 20.82114 -2552.0
250.88466 20.81714 -2561.0
250.88279 20.81341 -2529.0
250.88145 20.81074 -2540.0
250.87824 20.80434 -2517.0
250.87706 20.80198 -2526.0
250.87572 20.79932 -2529.0
250.87409 20.79607 -2547.0
250.87061 20.78914 -2499.0
250.86769 20.78332 -2556.0
250.86568 20.77932 -2573.0
250.86445 20.77687 -2568.0
250.86285 20.77367 -2568.0
250.86218 20.77234 -2564.0
250.86084 20.76967 -2571.0
250.85872 20.76545 -2619.0
250.85816 20.76434 -2619.0
250.85682 20.76167 -2604.0
250.85497 20.75798 -2637.0
250.85281 20.75367 -2635.0
250.85096 20.74998 -2604.0
250.84973 20.74754 -2595.0
250.84828 20.74465 -2599.0
250.84601 20.74011 -2595.0
250.84384 20.7358 -2595.0
250.8417 20.73154 -2596.0
250.8405 20.72914 -2592.0
250.83891 20.72598 -2556.0
250.83742 20.723 -2540.0
250.83623 20.72065 -2528.0
250.8349 20.71798 -2564.0
250.83273 20.71367 -2642.0
250.83139 20.711 -2638.0
250.83046 20.70914 -2615.0
250.82872 20.70567 -2616.0
250.82486 20.69798 -2746.0
250.82269 20.69367 -2757.0
250.82124 20.69078 -2743.0
250.81962 20.68754 -2713.0
250.816 20.68034 -2746.0
250.8144 20.67714 -2716.0
250.81255 20.67345 -2697.0
250.81025 20.66887 -2717.0
250.80864 20.66567 -2712.0
250.80719 20.66278 -2697.0
250.80518 20.65878 -2640.0
250.80262 20.65367 -2703.0
250.80101 20.65047 -2691.0
250.7986 20.64567 -2760.0
250.79715 20.64278 -2780.0
250.79486 20.6382 -2746.0
250.79365 20.6358 -2746.0
250.79191 20.63233 -2718.0
250.78897 20.62647 -2652.0
250.78683 20.6222 -2695.0
250.78589 20.62034 -2699.0
250.78471 20.61798 -2692.0
250.78243 20.61345 -2726.0
250.78027 20.60913 -2795.0
250.77668 20.60198 -2743.0
250.77545 20.59953 -2785.0
250.7721 20.59287 -2820.0
250.77065 20.58998 -2807.0
250.76972 20.58811 -2806.0
250.76689 20.58247 -2775.0
250.7653 20.57931 -2791.0
250.76421 20.57713 -2815.0
250.76274 20.5742 -2797.0
250.76129 20.57131 -2811.0
250.75939 20.56753 -2889.0
250.75738 20.56353 -2857.0
250.75671 20.5622 -2857.0
250.75433 20.55744 -2828.0
250.75283 20.55447 -2860.0
250.75031 20.54944 -2856.0
250.74924 20.54731 -2859.0
250.74801 20.54487 -2856.0
250.74656 20.54198 -2875.0
250.74522 20.53931 -2872.0
250.74456 20.53798 -2878.0
250.74322 20.53531 -2875.0
250.74212 20.53313 -2868.0
250.73826 20.52544 -2908.0
250.73543 20.5198 -2903.0
250.73396 20.51687 -2906.0
250.73262 20.5142 -2920.0
250.72957 20.50811 -2787.0
250.72874 20.50647 -2816.0
250.72727 20.50353 -2821.0
250.72488 20.49879 -2814.0
250.72339 20.49582 -2816.0
250.72124 20.49157 -2791.0
250.7202 20.48948 -2782.0
250.71937 20.48784 -2795.0
250.71536 20.47987 -2748.0
250.71217 20.47353 -2899.0
250.71067 20.47056 -2906.0
250.70908 20.46423 -2846.0
250.70855 20.46211 -2842.0
250.70794 20.45968 -2852.0
250.70642 20.45362 -2752.0
250.70581 20.45118 -2761.0
250.70547 20.44985 -2769.0
250.70388 20.44353 -2730.0
250.70308 20.44034 -2728.0
250.70261 20.43844 -2733.0
250.70199 20.43575 -2726.0
250.70154 20.43361 -2737.0
250.701 20.43112 -2753.0
250.70049 20.42871 -2758.0
250.69984 20.42567 -2776.0
250.69893 20.42136 -2797.0
250.69828 20.41832 -2778.0
250.69759 20.4151 -2737.0
250.69677 20.41124 -2777.0
250.69556 20.40557 -2685.0
250.69289 20.39856 -2645.0
250.68956 20.39031 -2487.0
250.68848 20.38764 -2499.0
250.68728 20.38465 -2526.0
250.68566 20.38064 -2487.0
250.68285 20.37368 -2608.0
250.68134 20.36994 -2652.0
250.68015 20.367 -2651.0
250.67823 20.36223 -2676.0
250.67628 20.35741 -2603.0
250.67391 20.35153 -2523.0
250.67175 20.34618 -2589.0
250.67088 20.34404 -2622.0
250.66989 20.34159 -2608.0
250.66892 20.33918 -2592.0
250.66764 20.33601 -2610.0
250.66689 20.33414 -2615.0
250.66495 20.32933 -2580.0
250.66374 20.32634 -2583.0
250.66266 20.32366 -2595.0
250.66095 20.31943 -2559.0
250.65586 20.30681 -2613.0
250.65489 20.30441 -2595.0
250.65381 20.30173 -2595.0
250.65294 20.29959 -2581.0
250.65165 20.29638 -2600.0
250.64647 20.28354 -2562.0
250.64323 20.27552 -2643.0
250.64139 20.27097 -2621.0
250.6402 20.26803 -2620.0
250.63569 20.25684 -2584.0
250.63266 20.24935 -2552.0
250.63105 20.24534 -2570.0
250.62608 20.23303 -2667.0
250.62304 20.2255 -2632.0
250.62012 20.21828 -2559.0
250.61904 20.2156 -2563.0
250.61634 20.20892 -2682.0
250.61418 20.20357 -2603.0
250.61247 20.19933 -2678.0
250.61129 20.19639 -2642.0
250.60889 20.19046 -2677.0
250.60673 20.18511 -2644.0
250.60414 20.17869 -2621.0
250.60198 20.17334 -2765.0
250.59704 20.16108 -2765.0
250.59367 20.15275 -2525.0
250.59056 20.14504 -2520.0
250.58881 20.14071 -2586.0
250.58644 20.13483 -2649.0
250.58462 20.13032 -2741.0
250.58125 20.12199 -2688.0
250.57942 20.11744 -2743.0
250.57793 20.11374 -2743.0
250.5764 20.10995 -2766.0
250.5749 20.10625 -2733.0
250.57337 20.10246 -2756.0
250.5722 20.09956 -2733.0
250.57121 20.09711 -2744.0
250.57013 20.09444 -2782.0
250.56832 20.08994 -2743.0
250.56508 20.08191 -2752.0
250.56376 20.07866 -2764.0
250.56096 20.0717 -2669.0
250.5588 20.06635 -2743.0
250.55772 20.06368 -2753.0
250.55631 20.0602 -2737.0
250.55502 20.05699 -2797.0
250.55385 20.05409 -2785.0
250.55243 20.05057 -2805.0
250.55124 20.04763 -2846.0
250.55038 20.04549 -2837.0
250.54876 20.04148 -2815.0
250.54638 20.03559 -2813.0
250.54456 20.03109 -2833.0
250.54327 20.02788 -2794.0
250.54174 20.02409 -2808.0
250.54012 20.02008 -2776.0
250.53818 20.01526 -2827.0
250.53688 20.01206 -2818.0
250.53539 20.00835 -2809.0
250.53409 20.00514 -2767.0
250.53202 20.00002 -2649.0
250.67081 20.00157 -3057.0
250.6753 20.00321 -3068.0
250.67974 20.00483 -3030.0
250.6872 20.00756 -2962.0
250.68946 20.00839 -2974.0
250.69946 20.01204 -2846.0
250.70168 20.01285 -2749.0
250.7064 20.01458 -2660.0
250.7114 20.0164 -2603.0
250.71496 20.01771 -2630.0
250.72028 20.01965 -2586.0
250.72528 20.02148 -2586.0
250.72944 20.023 -2566.0
250.73971 20.02675 -2690.0
250.74638 20.02919 -2749.0
250.74994 20.03049 -2728.0
250.75471 20.03223 -2744.0
250.75915 20.03386 -2740.0
250.76609 20.03639 -2777.0
250.76937 20.0376 -2822.0
250.77692 20.04035 -2860.0
250.77969 20.04137 -2845.0
250.78219 20.04228 -2864.0
250.78575 20.04358 -2869.0
250.7883 20.04451 -2888.0
250.7902 20.04521 -2906.0
250.79408 20.04663 -2884.0
250.79774 20.04796 -2887.0
250.80102 20.04916 -2874.0
250.80301 20.04989 -2869.0
250.80824 20.0518 -2844.0
250.8119 20.05314 -2799.0
250.81717 20.05507 -2761.0
250.8255 20.05811 -2484.0
250.8355 20.06176 -2129.0
250.83938 20.06319 -2083.0
250.84244 20.0643 -2097.0
250.84711 20.06601 -2036.0
250.85049 20.06724 -1973.0
250.85604 20.06927 -1923.0
250.85993 20.0707 -1970.0
250.8616 20.0713 -1994.0
250.86965 20.07425 -2145.0
250.87548 20.07638 -2176.0
250.87992 20.078 -2216.0
250.89213 20.08247 -2341.0
250.89681 20.08417 -2384.0
250.89986 20.08529 -2441.0
250.90324 20.08652 -2457.0
250.90602 20.08754 -2472.0
250.91046 20.08916 -2521.0
250.91435 20.09059 -2614.0
250.92101 20.09302 -2818.0
250.92596 20.09483 -2891.0
250.93128 20.09677 -2939.0
250.93517 20.0982 -2964.0
250.93707 20.09889 -2959.0
250.94262 20.10092 -2955.0
250.94678 20.10244 -2944.0
250.95016 20.10367 -2950.0
250.95294 20.10469 -2948.0
250.95599 20.10581 -2972.0
250.96016 20.10733 -2973.0
250.9646 20.10895 -2968.0
250.9671 20.10986 -2959.0
250.97205 20.11167 -2971.0
250.97431 20.1125 -2963.0
250.97848 20.11403 -2968.0
250.98264 20.11555 -2984.0
250.9882 20.11758 -2986.0
250.99259 20.11918 -2973.0
250.99736 20.12093 -2967.0
251.00041 20.12204 -2976.0
251.00347 20.12316 -2971.0
251.00596 20.12407 -2975.0
251.00925 20.12527 -2984.0
251.01341 20.12679 -2970.0
251.0154 20.12752 -2968.0
251.01758 20.12833 -2971.0
251.02484 20.13114 -2991.0
251.02963 20.13299 -2978.0
251.03103 20.13353 -2979.0
251.03493 20.13504 -2973.0
251.03633 20.13558 -2971.0
251.03968 20.13687 -2965.0
251.0427 20.13804 -2970.0
251.04633 20.13944 -2974.0
251.04828 20.14019 -2979.0
251.0514 20.1414 -2978.0
251.0547 20.14268 -2974.0
251.05838 20.1441 -2958.0
251.06145 20.14528 -2946.0
251.06503 20.14666 -2944.0
251.06866 20.14807 -2939.0
251.072 20.14936 -2926.0
251.07456 20.15035 -2922.0
251.0768 20.15121 -2909.0
251.07898 20.15206 -2911.0
251.08098 20.15283 -2929.0
251.08656 20.15498 -2928.0
251.08935 20.15606 -2927.0
251.09294 20.15745 -2917.0
251.09494 20.15822 -2906.0
251.09852 20.1596 -2897.0
251.10549 20.1623 -2963.0
251.11666 20.16661 -3081.0
251.12061 20.16814 -3081.0
251.12284 20.169 -3087.0
251.12564 20.17008 -3079.0
251.12843 20.17116 -3079.0
251.13759 20.1747 -3035.0
251.14517 20.17763 -3024.0
251.15633 20.18194 -2886.0
251.16108 20.18377 -2881.0
251.16248 20.18431 -2884.0
251.1655 20.18548 -2875.0
251.16806 20.18647 -2857.0
251.17168 20.18787 -2850.0
251.17448 20.18895 -2866.0
251.1775 20.19011 -2861.0
251.18341 20.1924 -2923.0
251.18564 20.19334 -2947.0
251.19261 20.19645 -3026.0
251.19759 20.19866 -3100.0
251.20317 20.20115 -3127.0
251.21354 20.20576 -3191.0
251.21744 20.2075 -3207.0
251.22386 20.21036 -3127.0
251.23 20.21309 -3152.0
251.24028 20.21767 -3241.0
251.24339 20.21906 -3258.0
251.24586 20.22015 -3261.0
251.25199 20.22289 -3189.0
251.25511 20.22427 -3194.0
251.25981 20.22636 -3228.0
251.27152 20.23158 -3248.0
251.27464 20.23297 -3248.0
251.27966 20.23521 -3254.0
251.28213 20.2363 -3250.0
251.28887 20.2393 -3239.0
251.29445 20.24179 -3232.0
251.30142 20.2449 -3156.0
251.31003 20.24873 -3029.0
251.31616 20.25146 -2899.0
251.32453 20.25519 -3009.0
251.32816 20.2568 -2961.0
251.33011 20.25767 -2961.0
251.34267 20.26326 -3080.0
251.34606 20.26477 -3121.0
251.35025 20.26664 -3187.0
251.35276 20.26775 -3188.0
251.35918 20.27061 -3253.0
251.3628 20.27223 -3255.0
